0 0
0.2 0
0.4 0
0.6 0
0.8 0
1 0
1.2 0
1.4 0
1.6 0
1.8 0
2 0
2.2 0
2.4 0
2.6 0
2.8 0
3 0
3.2 0
3.4 0
3.6 0
3.8 0
4 0
4.2 0
4.4 0
4.6 0
4.8 0
5 0
5.2 0
5.4 0
5.6 0
5.8 0
6 0
6.2 0
6.4 0
6.6 0
6.8 0
7 0
7.2 0
7.4 0
7.6 0
7.8 0
8 0
8.2 0
8.4 0
8.6 0
8.8 0
9 0
9.2 0
9.4 0
9.6 0
9.8 0
10 0
10.2 0
10.4 0
10.6 0
10.8 0
11 0
11.2 0
11.4 0
11.6 0
11.8 0
12 0
12.2 0
12.4 0
12.6 0
12.8 0
13 0
13.2 0
13.4 0
13.6 0
13.8 0
14 0
14.2 0
14.4 0
14.6 0
14.8 0
15 0
15.2 0
15.4 0
15.6 0
15.8 0
16 0
16.2 0
16.4 0
16.6 0
16.8 0
17 0
17.2 0
17.4 0
17.6 0
17.8 0
18 0
18.2 0
18.4 0
18.6 0
18.8 0
19 0
19.2 0
19.4 0
19.6 0
19.8 0
20 0
20 0.2
20 0.4
20 0.6
20 0.8
20 1
20 1.2
20 1.4
20 1.6
20 1.8
20 2
20 2.2
20 2.4
20 2.6
20 2.8
20 3
20 3.2
20 3.4
20 3.6
20 3.8
20 4
20 4.2
20 4.4
20 4.6
20 4.8
20 5
20 5.2
20 5.4
20 5.6
20 5.8
20 6
20 6.2
20 6.4
20 6.6
20 6.8
20 7
20 7.2
20 7.4
20 7.6
20 7.8
20 8
20 8.2
20 8.4
20 8.6
20 8.8
20 9
20 9.2
20 9.4
20 9.6
20 9.8
20 10
20 10.2
20 10.4
20 10.6
20 10.8
20 11
20 11.2
20 11.4
20 11.6
20 11.8
20 12
20 12.2
20 12.4
20 12.6
20 12.8
20 13
20 13.2
20 13.4
20 13.6
20 13.8
20 14
20 14.2
20 14.4
20 14.6
20 14.8
20 15
20 15.2
20 15.4
20 15.6
20 15.8
20 16
20 16.2
20 16.4
20 16.6
20 16.8
20 17
20 17.2
20 17.4
20 17.6
20 17.8
20 18
20 18.2
20 18.4
20 18.6
20 18.8
20 19
20 19.2
20 19.4
20 19.6
20 19.8
20 20
20 20.2
20 20.4
20 20.6
20 20.8
20 21
20 21.2
20 21.4
20 21.6
20 21.8
20 22
20 22.2
20 22.4
20 22.6
20 22.8
20 23
20 23.2
20 23.4
20 23.6
20 23.8
20 24
20 24.2
20 24.4
20 24.6
20 24.8
20 25
20 25.2
20 25.4
20 25.6
20 25.8
20 26
20 26.2
20 26.4
20 26.6
20 26.8
20 27
20 27.2
20 27.4
20 27.6
20 27.8
20 28
20 28.2
20 28.4
20 28.6
20 28.8
20 29
20 29.2
20 29.4
20 29.6
20 29.8
20 30
19.8 30
19.6 30
19.4 30
19.2 30
19 30
18.8 30
18.6 30
18.4 30
18.2 30
18 30
17.8 30
17.6 30
17.4 30
17.2 30
17 30
16.8 30
16.6 30
16.4 30
16.2 30
16 30
15.8 30
15.6 30
15.4 30
15.2 30
15 30
14.8 30
14.6 30
14.4 30
14.2 30
14 30
13.8 30
13.6 30
13.4 30
13.2 30
13 30
12.8 30
12.6 30
12.4 30
12.2 30
12 30
11.8 30
11.6 30
11.4 30
11.2 30
11 30
10.8 30
10.6 30
10.4 30
10.2 30
10 30
9.8 30
9.6 30
9.4 30
9.2 30
9 30
8.8 30
8.6 30
8.4 30
8.2 30
8 30
7.8 30
7.6 30
7.4 30
7.2 30
7 30
6.8 30
6.6 30
6.4 30
6.2 30
6 30
5.8 30
5.6 30
5.4 30
5.2 30
5 30
4.8 30
4.6 30
4.4 30
4.2 30
4 30
3.8 30
3.6 30
3.4 30
3.2 30
3 30
2.8 30
2.6 30
2.4 30
2.2 30
2 30
1.8 30
1.6 30
1.4 30
1.2 30
1 30
0.8 30
0.6 30
0.4 30
0.2 30
0 30
0 29.8
0 29.6
0 29.4
0 29.2
0 29
0 28.8
0 28.6
0 28.4
0 28.2
0 28
0 27.8
0 27.6
0 27.4
0 27.2
0 27
0 26.8
0 26.6
0 26.4
0 26.2
0 26
0 25.8
0 25.6
0 25.4
0 25.2
0 25
0 24.8
0 24.6
0 24.4
0 24.2
0 24
0 23.8
0 23.6
0 23.4
0 23.2
0 23
0 22.8
0 22.6
0 22.4
0 22.2
0 22
0 21.8
0 21.6
0 21.4
0 21.2
0 21
0 20.8
0 20.6
0 20.4
0 20.2
0 20
0 19.8
0 19.6
0 19.4
0 19.2
0 19
0 18.8
0 18.6
0 18.4
0 18.2
0 18
0 17.8
0 17.6
0 17.4
0 17.2
0 17
0 16.8
0 16.6
0 16.4
0 16.2
0 16
0 15.8
0 15.6
0 15.4
0 15.2
0 15
0 14.8
0 14.6
0 14.4
0 14.2
0 14
0 13.8
0 13.6
0 13.4
0 13.2
0 13
0 12.8
0 12.6
0 12.4
0 12.2
0 12
0 11.8
0 11.6
0 11.4
0 11.2
0 11
0 10.8
0 10.6
0 10.4
0 10.2
0 10
0 9.8
0 9.6
0 9.4
0 9.2
0 9
0 8.8
0 8.6
0 8.4
0 8.2
0 8
0 7.8
0 7.6
0 7.4
0 7.2
0 7
0 6.8
0 6.6
0 6.4
0 6.2
0 6
0 5.8
0 5.6
0 5.4
0 5.2
0 5
0 4.8
0 4.6
0 4.4
0 4.2
0 4
0 3.8
0 3.6
0 3.4
0 3.2
0 3
0 2.8
0 2.6
0 2.4
0 2.2
0 2
0.2 2
0.4 2
0.6 2
0.8 2
1 2
1.2 2
1.4 2
1.6 2
1.8 2
2 2
2.2 2
2.4 2
2.6 2
2.8 2
3 2
3.2 2
3.4 2
3.6 2
3.8 2
4 2
4.2 2
4.4 2
4.6 2
4.8 2
5 2
5.2 2
5.4 2
5.6 2
5.8 2
6 2
6.2 2
6.4 2
6.6 2
6.8 2
7 2
7.2 2
7.4 2
7.6 2
7.8 2
8 2
8.2 2
8.4 2
8.6 2
8.8 2
9 2
9.2 2
9.4 2
9.6 2
9.8 2
10 2
10.2 2
10.4 2
10.6 2
10.8 2
11 2
11.2 2
11.4 2
11.6 2
11.8 2
12 2
12.2 2
12.4 2
12.6 2
12.8 2
13 2
13.2 2
13.4 2
13.6 2
13.8 2
14 2
14.2 2
14.4 2
14.6 2
14.8 2
15 2
15.2 2
15.4 2
15.6 2
15.8 2
16 2
16.2 2
16.4 2
16.6 2
16.8 2
17 2
17.2 2
17.4 2
17.6 2
17.8 2
18 2
18 2.2
18 2.4
18 2.6
18 2.8
18 3
18 3.2
18 3.4
18 3.6
18 3.8
18 4
18 4.2
18 4.4
18 4.6
18 4.8
18 5
18 5.2
18 5.4
18 5.6
18 5.8
18 6
18 6.2
18 6.4
18 6.6
18 6.8
18 7
18 7.2
18 7.4
18 7.6
18 7.8
18 8
18 8.2
18 8.4
18 8.6
18 8.8
18 9
18 9.2
18 9.4
18 9.6
18 9.8
18 10
18 10.2
18 10.4
18 10.6
18 10.8
18 11
18 11.2
18 11.4
18 11.6
18 11.8
18 12
18 12.2
18 12.4
18 12.6
18 12.8
18 13
18 13.2
18 13.4
18 13.6
18 13.8
18 14
18 14.2
18 14.4
18 14.6
18 14.8
18 15
18 15.2
18 15.4
18 15.6
18 15.8
18 16
18 16.2
18 16.4
18 16.6
18 16.8
18 17
18 17.2
18 17.4
18 17.6
18 17.8
18 18
18 18.2
18 18.4
18 18.6
18 18.8
18 19
18 19.2
18 19.4
18 19.6
18 19.8
18 20
18 20.2
18 20.4
18 20.6
18 20.8
18 21
18 21.2
18 21.4
18 21.6
18 21.8
18 22
18 22.2
18 22.4
18 22.6
18 22.8
18 23
18 23.2
18 23.4
18 23.6
18 23.8
18 24
18 24.2
18 24.4
18 24.6
18 24.8
18 25
18 25.2
18 25.4
18 25.6
18 25.8
18 26
18 26.2
18 26.4
18 26.6
18 26.8
18 27
18 27.2
18 27.4
18 27.6
18 27.8
18 28
17.8 28
17.6 28
17.4 28
17.2 28
17 28
16.8 28
16.6 28
16.4 28
16.2 28
16 28
15.8 28
15.6 28
15.4 28
15.2 28
15 28
14.8 28
14.6 28
14.4 28
14.2 28
14 28
13.8 28
13.6 28
13.4 28
13.2 28
13 28
12.8 28
12.6 28
12.4 28
12.2 28
12 28
11.8 28
11.6 28
11.4 28
11.2 28
11 28
10.8 28
10.6 28
10.4 28
10.2 28
10 28
9.8 28
9.6 28
9.4 28
9.2 28
9 28
8.8 28
8.6 28
8.4 28
8.2 28
8 28
7.8 28
7.6 28
7.4 28
7.2 28
7 28
6.8 28
6.6 28
6.4 28
6.2 28
6 28
5.8 28
5.6 28
5.4 28
5.2 28
5 28
4.8 28
4.6 28
4.4 28
4.2 28
4 28
3.8 28
3.6 28
3.4 28
3.2 28
3 28
2.8 28
2.6 28
2.4 28
2.2 28
2 28
2 27.8
2 27.6
2 27.4
2 27.2
2 27
2 26.8
2 26.6
2 26.4
2 26.2
2 26
2 25.8
2 25.6
2 25.4
2 25.2
2 25
2 24.8
2 24.6
2 24.4
2 24.2
2 24
2 23.8
2 23.6
2 23.4
2 23.2
2 23
2 22.8
2 22.6
2 22.4
2 22.2
2 22
2 21.8
2 21.6
2 21.4
2 21.2
2 21
2 20.8
2 20.6
2 20.4
2 20.2
2 20
2 19.8
2 19.6
2 19.4
2 19.2
2 19
2 18.8
2 18.6
2 18.4
2 18.2
2 18
2 17.8
2 17.6
2 17.4
2 17.2
2 17
2 16.8
2 16.6
2 16.4
2 16.2
2 16
2 15.8
2 15.6
2 15.4
2 15.2
2 15
2 14.8
2 14.6
2 14.4
2 14.2
2 14
2 13.8
2 13.6
2 13.4
2 13.2
2 13
2 12.8
2 12.6
2 12.4
2 12.2
2 12
2 11.8
2 11.6
2 11.4
2 11.2
2 11
2 10.8
2 10.6
2 10.4
2 10.2
2 10
2 9.8
2 9.6
2 9.4
2 9.2
2 9
2 8.8
2 8.6
2 8.4
2 8.2
2 8
2 7.8
2 7.6
2 7.4
2 7.2
2 7
2 6.8
2 6.6
2 6.4
2 6.2
2 6
2 5.8
2 5.6
2 5.4
2 5.2
2 5
2 4.8
2 4.6
2 4.4
2 4.2
2 4
2.2 4
2.4 4
2.6 4
2.8 4
3 4
3.2 4
3.4 4
3.6 4
3.8 4
4 4
4.2 4
4.4 4
4.6 4
4.8 4
5 4
5.2 4
5.4 4
5.6 4
5.8 4
6 4
6.2 4
6.4 4
6.6 4
6.8 4
7 4
7.2 4
7.4 4
7.6 4
7.8 4
8 4
8.2 4
8.4 4
8.6 4
8.8 4
9 4
9.2 4
9.4 4
9.6 4
9.8 4
10 4
10.2 4
10.4 4
10.6 4
10.8 4
11 4
11.2 4
11.4 4
11.6 4
11.8 4
12 4
12.2 4
12.4 4
12.6 4
12.8 4
13 4
13.2 4
13.4 4
13.6 4
13.8 4
14 4
14.2 4
14.4 4
14.6 4
14.8 4
15 4
15.2 4
15.4 4
15.6 4
15.8 4
16 4
16 4.2
16 4.4
16 4.6
16 4.8
16 5
16 5.2
16 5.4
16 5.6
16 5.8
16 6
16 6.2
16 6.4
16 6.6
16 6.8
16 7
16 7.2
16 7.4
16 7.6
16 7.8
16 8
16 8.2
16 8.4
16 8.6
16 8.8
16 9
16 9.2
16 9.4
16 9.6
16 9.8
16 10
16 10.2
16 10.4
16 10.6
16 10.8
16 11
16 11.2
16 11.4
16 11.6
16 11.8
16 12
16 12.2
16 12.4
16 12.6
16 12.8
16 13
16 13.2
16 13.4
16 13.6
16 13.8
16 14
16 14.2
16 14.4
16 14.6
16 14.8
16 15
16 15.2
16 15.4
16 15.6
16 15.8
16 16
16 16.2
16 16.4
16 16.6
16 16.8
16 17
16 17.2
16 17.4
16 17.6
16 17.8
16 18
16 18.2
16 18.4
16 18.6
16 18.8
16 19
16 19.2
16 19.4
16 19.6
16 19.8
16 20
16 20.2
16 20.4
16 20.6
16 20.8
16 21
16 21.2
16 21.4
16 21.6
16 21.8
16 22
16 22.2
16 22.4
16 22.6
16 22.8
16 23
16 23.2
16 23.4
16 23.6
16 23.8
16 24
16 24.2
16 24.4
16 24.6
16 24.8
16 25
16 25.2
16 25.4
16 25.6
16 25.8
16 26
15.8 26
15.6 26
15.4 26
15.2 26
15 26
14.8 26
14.6 26
14.4 26
14.2 26
14 26
13.8 26
13.6 26
13.4 26
13.2 26
13 26
12.8 26
12.6 26
12.4 26
12.2 26
12 26
11.8 26
11.6 26
11.4 26
11.2 26
11 26
10.8 26
10.6 26
10.4 26
10.2 26
10 26
9.8 26
9.6 26
9.4 26
9.2 26
9 26
8.8 26
8.6 26
8.4 26
8.2 26
8 26
7.8 26
7.6 26
7.4 26
7.2 26
7 26
6.8 26
6.6 26
6.4 26
6.2 26
6 26
5.8 26
5.6 26
5.4 26
5.2 26
5 26
4.8 26
4.6 26
4.4 26
4.2 26
4 26
4 25.8
4 25.6
4 25.4
4 25.2
4 25
4 24.8
4 24.6
4 24.4
4 24.2
4 24
4 23.8
4 23.6
4 23.4
4 23.2
4 23
4 22.8
4 22.6
4 22.4
4 22.2
4 22
4 21.8
4 21.6
4 21.4
4 21.2
4 21
4 20.8
4 20.6
4 20.4
4 20.2
4 20
4 19.8
4 19.6
4 19.4
4 19.2
4 19
4 18.8
4 18.6
4 18.4
4 18.2
4 18
4 17.8
4 17.6
4 17.4
4 17.2
4 17
4 16.8
4 16.6
4 16.4
4 16.2
4 16
4 15.8
4 15.6
4 15.4
4 15.2
4 15
4 14.8
4 14.6
4 14.4
4 14.2
4 14
4 13.8
4 13.6
4 13.4
4 13.2
4 13
4 12.8
4 12.6
4 12.4
4 12.2
4 12
4 11.8
4 11.6
4 11.4
4 11.2
4 11
4 10.8
4 10.6
4 10.4
4 10.2
4 10
4 9.8
4 9.6
4 9.4
4 9.2
4 9
4 8.8
4 8.6
4 8.4
4 8.2
4 8
4 7.8
4 7.6
4 7.4
4 7.2
4 7
4 6.8
4 6.6
4 6.4
4 6.2
4 6
4.2 6
4.4 6
4.6 6
4.8 6
5 6
5.2 6
5.4 6
5.6 6
5.8 6
6 6
6.2 6
6.4 6
6.6 6
6.8 6
7 6
7.2 6
7.4 6
7.6 6
7.8 6
8 6
8.2 6
8.4 6
8.6 6
8.8 6
9 6
9.2 6
9.4 6
9.6 6
9.8 6
10 6
10.2 6
10.4 6
10.6 6
10.8 6
11 6
11.2 6
11.4 6
11.6 6
11.8 6
12 6
12.2 6
12.4 6
12.6 6
12.8 6
13 6
13.2 6
13.4 6
13.6 6
13.8 6
14 6
14 6.2
14 6.4
14 6.6
14 6.8
14 7
14 7.2
14 7.4
14 7.6
14 7.8
14 8
14 8.2
14 8.4
14 8.6
14 8.8
14 9
14 9.2
14 9.4
14 9.6
14 9.8
14 10
14 10.2
14 10.4
14 10.6
14 10.8
14 11
14 11.2
14 11.4
14 11.6
14 11.8
14 12
14 12.2
14 12.4
14 12.6
14 12.8
14 13
14 13.2
14 13.4
14 13.6
14 13.8
14 14
14 14.2
14 14.4
14 14.6
14 14.8
14 15
14 15.2
14 15.4
14 15.6
14 15.8
14 16
14 16.2
14 16.4
14 16.6
14 16.8
14 17
14 17.2
14 17.4
14 17.6
14 17.8
14 18
14 18.2
14 18.4
14 18.6
14 18.8
14 19
14 19.2
14 19.4
14 19.6
14 19.8
14 20
14 20.2
14 20.4
14 20.6
14 20.8
14 21
14 21.2
14 21.4
14 21.6
14 21.8
14 22
14 22.2
14 22.4
14 22.6
14 22.8
14 23
14 23.2
14 23.4
14 23.6
14 23.8
14 24
13.8 24
13.6 24
13.4 24
13.2 24
13 24
12.8 24
12.6 24
12.4 24
12.2 24
12 24
11.8 24
11.6 24
11.4 24
11.2 24
11 24
10.8 24
10.6 24
10.4 24
10.2 24
10 24
9.8 24
9.6 24
9.4 24
9.2 24
9 24
8.8 24
8.6 24
8.4 24
8.2 24
8 24
7.8 24
7.6 24
7.4 24
7.2 24
7 24
6.8 24
6.6 24
6.4 24
6.2 24
6 24
6 23.8
6 23.6
6 23.4
6 23.2
6 23
6 22.8
6 22.6
6 22.4
6 22.2
6 22
6 21.8
6 21.6
6 21.4
6 21.2
6 21
6 20.8
6 20.6
6 20.4
6 20.2
6 20
6 19.8
6 19.6
6 19.4
6 19.2
6 19
6 18.8
6 18.6
6 18.4
6 18.2
6 18
6 17.8
6 17.6
6 17.4
6 17.2
6 17
6 16.8
6 16.6
6 16.4
6 16.2
6 16
6 15.8
6 15.6
6 15.4
6 15.2
6 15
6 14.8
6 14.6
6 14.4
6 14.2
6 14
6 13.8
6 13.6
6 13.4
6 13.2
6 13
6 12.8
6 12.6
6 12.4
6 12.2
6 12
6 11.8
6 11.6
6 11.4
6 11.2
6 11
6 10.8
6 10.6
6 10.4
6 10.2
6 10
6 9.8
6 9.6
6 9.4
6 9.2
6 9
6 8.8
6 8.6
6 8.4
6 8.2
6 8
6.2 8
6.4 8
6.6 8
6.8 8
7 8
7.2 8
7.4 8
7.6 8
7.8 8
8 8
8.2 8
8.4 8
8.6 8
8.8 8
9 8
9.2 8
9.4 8
9.6 8
9.8 8
10 8
10.2 8
10.4 8
10.6 8
10.8 8
11 8
11.2 8
11.4 8
11.6 8
11.8 8
12 8
12 8.2
12 8.4
12 8.6
12 8.8
12 9
12 9.2
12 9.4
12 9.6
12 9.8
12 10
11.8 10
11.6 10
11.4 10
11.2 10
11 10
10.8 10
10.6 10
10.4 10
10.2 10
10 10
9.8 10
9.6 10
9.4 10
9.2 10
9 10
8.8 10
8.6 10
8.4 10
8.2 10
8 10
8 10.2
8 10.4
8 10.6
8 10.8
8 11
8 11.2
8 11.4
8 11.6
8 11.8
8 12
8.2 12
8.4 12
8.6 12
8.8 12
9 12
9.2 12
9.4 12
9.6 12
9.8 12
10 12
10.2 12
10.4 12
10.6 12
10.8 12
11 12
11.2 12
11.4 12
11.6 12
11.8 12
12 12
12 12.2
12 12.4
12 12.6
12 12.8
12 13
12 13.2
12 13.4
12 13.6
12 13.8
12 14
11.8 14
11.6 14
11.4 14
11.2 14
11 14
10.8 14
10.6 14
10.4 14
10.2 14
10 14
9.8 14
9.6 14
9.4 14
9.2 14
9 14
8.8 14
8.6 14
8.4 14
8.2 14
8 14
8 14.2
8 14.4
8 14.6
8 14.8
8 15
8 15.2
8 15.4
8 15.6
8 15.8
8 16
8.2 16
8.4 16
8.6 16
8.8 16
9 16
9.2 16
9.4 16
9.6 16
9.8 16
10 16
10.2 16
10.4 16
10.6 16
10.8 16
11 16
11.2 16
11.4 16
11.6 16
11.8 16
12 16
12 16.2
12 16.4
12 16.6
12 16.8
12 17
12 17.2
12 17.4
12 17.6
12 17.8
12 18
11.8 18
11.6 18
11.4 18
11.2 18
11 18
10.8 18
10.6 18
10.4 18
10.2 18
10 18
9.8 18
9.6 18
9.4 18
9.2 18
9 18
8.8 18
8.6 18
8.4 18
8.2 18
8 18
8 18.2
8 18.4
8 18.6
8 18.8
8 19
8 19.2
8 19.4
8 19.6
8 19.8
8 20
8.2 20
8.4 20
8.6 20
8.8 20
9 20
9.2 20
9.4 20
9.6 20
9.8 20
10 20
10.2 20
10.4 20
10.6 20
10.8 20
11 20
11.2 20
11.4 20
11.6 20
11.8 20
12 20
12 20.2
12 20.4
12 20.6
12 20.8
12 21
12 21.2
12 21.4
12 21.6
12 21.8
12 22
11.8 22
11.6 22
11.4 22
11.2 22
11 22
10.8 22
10.6 22
10.4 22
10.2 22
10 22
9.8 22
9.6 22
9.4 22
9.2 22
9 22
8.8 22
8.6 22
8.4 22
8.2 22
8 22
