0.965926 -0.258819
1.06694 -0.433773
1.16795 -0.608727
1.26895 -0.783681
1.36996 -0.958635
1.47097 -1.13359
1.57198 -1.30854
1.67299 -1.4835
1.774 -1.65845
1.87501 -1.8334
1.97602 -2.00836
2.07703 -2.18331
2.17804 -2.35827
2.27905 -2.53322
2.38006 -2.70817
2.48107 -2.88313
2.58208 -3.05808
2.68309 -3.23304
2.7841 -3.40799
2.88511 -3.58294
2.98612 -3.7579
3.08713 -3.93285
3.18814 -4.10781
3.28915 -4.28276
3.39016 -4.45771
3.49117 -4.63267
3.59218 -4.80762
3.69319 -4.98258
3.7942 -5.15753
3.89521 -5.33248
3.99622 -5.50744
4.09723 -5.68239
4.19824 -5.85735
4.29925 -6.0323
4.40026 -6.20725
4.50127 -6.38221
4.60228 -6.55716
4.70329 -6.73212
4.80429 -6.90707
4.9053 -7.08202
5.00631 -7.25698
5.10732 -7.43193
5.20833 -7.60688
5.30934 -7.78184
5.41035 -7.95679
5.51136 -8.13175
5.61237 -8.3067
5.71338 -8.48165
5.81439 -8.65661
5.9154 -8.83156
6.01641 -9.00652
6.11742 -9.18147
6.21843 -9.35642
6.31944 -9.53138
6.42045 -9.70633
6.52146 -9.88129
6.62247 -10.0562
6.72348 -10.2312
6.82449 -10.4061
6.9255 -10.5811
7.02651 -10.7561
7.12752 -10.931
7.22853 -11.106
7.32954 -11.2809
7.43055 -11.4559
7.53156 -11.6308
7.63257 -11.8058
7.73358 -11.9807
7.83459 -12.1557
7.9356 -12.3306
8.03661 -12.5056
8.13762 -12.6805
8.23862 -12.8555
8.33963 -13.0305
8.44064 -13.2054
8.54165 -13.3804
8.64266 -13.5553
8.74367 -13.7303
8.84468 -13.9052
8.94569 -14.0802
9.0467 -14.2551
9.14771 -14.4301
9.24872 -14.605
9.34973 -14.78
9.45074 -14.955
9.55175 -15.1299
9.65276 -15.3049
9.75377 -15.4798
9.85478 -15.6548
9.95579 -15.8297
10.0568 -16.0047
10.1578 -16.1796
10.2588 -16.3546
10.2588 -16.3546
10.4338 -16.2536
10.6087 -16.1526
10.7837 -16.0516
10.9586 -15.9505
11.1336 -15.8495
11.3085 -15.7485
11.4835 -15.6475
11.6585 -15.5465
11.8334 -15.4455
12.0084 -15.3445
12.1833 -15.2435
12.3583 -15.1425
12.5332 -15.0415
12.7082 -14.9404
12.8831 -14.8394
13.0581 -14.7384
13.233 -14.6374
13.408 -14.5364
13.5829 -14.4354
13.7579 -14.3344
13.9329 -14.2334
14.1078 -14.1324
14.2828 -14.0314
14.4577 -13.9303
14.6327 -13.8293
14.8076 -13.7283
14.9826 -13.6273
15.1575 -13.5263
15.3325 -13.4253
15.5074 -13.3243
15.6824 -13.2233
15.8573 -13.1223
16.0323 -13.0213
16.2073 -12.9203
16.3822 -12.8192
16.5572 -12.7182
16.7321 -12.6172
16.9071 -12.5162
17.082 -12.4152
17.257 -12.3142
17.4319 -12.2132
17.6069 -12.1122
17.7818 -12.0112
17.9568 -11.9102
18.1317 -11.8091
18.3067 -11.7081
18.4817 -11.6071
18.6566 -11.5061
18.8316 -11.4051
19.0065 -11.3041
19.1815 -11.2031
19.3564 -11.1021
19.5314 -11.0011
19.7063 -10.9001
19.8813 -10.799
20.0562 -10.698
20.2312 -10.597
20.4061 -10.496
20.5811 -10.395
20.7561 -10.294
20.931 -10.193
21.106 -10.092
21.2809 -9.99097
21.4559 -9.88996
21.6308 -9.78895
21.8058 -9.68794
21.9807 -9.58693
22.1557 -9.48592
22.3306 -9.38491
22.5056 -9.2839
22.6805 -9.18289
22.8555 -9.08188
23.0305 -8.98087
23.2054 -8.87986
23.3804 -8.77885
23.5553 -8.67784
23.7303 -8.57683
23.9052 -8.47582
24.0802 -8.37482
24.2551 -8.27381
24.4301 -8.1728
24.605 -8.07179
24.78 -7.97078
24.955 -7.86977
25.1299 -7.76876
25.3049 -7.66775
25.4798 -7.56674
25.6548 -7.46573
25.8297 -7.36472
26.0047 -7.26371
26.1796 -7.1627
26.3546 -7.06169
26.3546 -7.06169
26.2536 -6.88674
26.1526 -6.71178
26.0516 -6.53683
25.9505 -6.36187
25.8495 -6.18692
25.7485 -6.01197
25.6475 -5.83701
25.5465 -5.66206
25.4455 -5.4871
25.3445 -5.31215
25.2435 -5.1372
25.1425 -4.96224
25.0415 -4.78729
24.9404 -4.61233
24.8394 -4.43738
24.7384 -4.26243
24.6374 -4.08747
24.5364 -3.91252
24.4354 -3.73756
24.3344 -3.56261
24.2334 -3.38766
24.1324 -3.2127
24.0314 -3.03775
23.9303 -2.86279
23.8293 -2.68784
23.7283 -2.51289
23.6273 -2.33793
23.5263 -2.16298
23.4253 -1.98802
23.3243 -1.81307
23.2233 -1.63812
23.1223 -1.46316
23.0213 -1.28821
22.9203 -1.11325
22.8192 -0.938301
22.7182 -0.763347
22.6172 -0.588393
22.5162 -0.413439
22.4152 -0.238485
22.3142 -0.0635311
22.2132 0.111423
22.1122 0.286377
22.0112 0.461331
21.9102 0.636285
21.8091 0.811239
21.7081 0.986193
21.6071 1.16115
21.5061 1.3361
21.4051 1.51105
21.3041 1.68601
21.2031 1.86096
21.1021 2.03592
21.0011 2.21087
20.9001 2.38582
20.799 2.56078
20.698 2.73573
20.597 2.91069
20.496 3.08564
20.395 3.26059
20.294 3.43555
20.193 3.6105
20.092 3.78546
19.991 3.96041
19.89 4.13536
19.789 4.31032
19.6879 4.48527
19.5869 4.66023
19.4859 4.83518
19.3849 5.01013
19.2839 5.18509
19.1829 5.36004
19.0819 5.535
18.9809 5.70995
18.8799 5.8849
18.7789 6.05986
18.6778 6.23481
18.5768 6.40976
18.4758 6.58472
18.3748 6.75967
18.2738 6.93463
18.1728 7.10958
18.0718 7.28453
17.9708 7.45949
17.8698 7.63444
17.7688 7.8094
17.6677 7.98435
17.5667 8.1593
17.4657 8.33426
17.3647 8.50921
17.2637 8.68417
17.1627 8.85912
17.0617 9.03407
17.0617 9.03407
16.8867 8.93306
16.7118 8.83205
16.5368 8.73105
16.3619 8.63004
16.1869 8.52903
16.012 8.42802
15.837 8.32701
15.6621 8.226
15.4871 8.12499
15.3121 8.02398
15.1372 7.92297
14.9622 7.82196
14.7873 7.72095
14.6123 7.61994
14.4374 7.51893
14.2624 7.41792
14.0875 7.31691
13.9125 7.2159
13.7376 7.11489
13.5626 7.01388
13.3877 6.91287
13.2127 6.81186
13.0377 6.71085
12.8628 6.60984
12.6878 6.50883
12.5129 6.40782
12.3379 6.30681
12.163 6.2058
11.988 6.10479
11.8131 6.00378
11.6381 5.90277
11.4632 5.80176
11.2882 5.70075
11.1133 5.59974
10.9383 5.49873
10.7633 5.39772
10.5884 5.29671
10.4134 5.19571
10.2385 5.0947
10.0635 4.99369
9.88858 4.89268
9.71362 4.79167
9.53867 4.69066
9.36372 4.58965
9.18876 4.48864
9.01381 4.38763
8.83885 4.28662
8.6639 4.18561
8.48895 4.0846
8.31399 3.98359
8.13904 3.88258
7.96408 3.78157
7.78913 3.68056
7.61418 3.57955
7.43922 3.47854
7.26427 3.37753
7.08931 3.27652
6.91436 3.17551
6.73941 3.0745
6.56445 2.97349
6.3895 2.87248
6.21454 2.77147
6.03959 2.67046
5.86464 2.56945
5.68968 2.46844
5.51473 2.36743
5.33977 2.26642
5.16482 2.16541
4.98987 2.0644
4.81491 1.96339
4.63996 1.86238
4.465 1.76138
4.29005 1.66037
4.1151 1.55936
3.94014 1.45835
3.76519 1.35734
3.59024 1.25633
3.41528 1.15532
3.24033 1.05431
3.06537 0.953297
2.89042 0.852288
2.71547 0.751278
