26 -70
55 -57
76 29
1.86866 0.713041
27.1311 -67.3012
53.2892 -55.5752
73.1533 25.7731
4.43372 -0.448842
28.2622 -64.6024
51.5783 -54.1503
70.3065 22.5462
6.99878 -1.61073
29.3933 -61.9036
49.8675 -52.7255
67.4598 19.3193
9.56384 -2.77261
30.5244 -59.2048
48.1566 -51.3007
64.6131 16.0924
12.1289 -3.93449
31.6555 -56.506
46.4458 -49.8758
61.7664 12.8655
14.694 -5.09638
32.7866 -53.8072
44.735 -48.451
58.9196 9.63855
17.259 -6.25826
33.9176 -51.1084
43.0241 -47.0262
56.0729 6.41164
19.8241 -7.42014
35.0487 -48.4096
41.3133 -45.6014
53.2262 3.18473
22.3891 -8.58203
36.1798 -45.7108
39.6024 -44.1765
50.3794 -0.0421766
24.9542 -9.74391
37.6229 -43.852
47.5327 -3.26909
27.5193 -10.9058
37.227 -37.0421
44.686 -6.49599
30.0843 -12.0677
36.8312 -30.2322
41.8392 -9.7229
32.6494 -13.2296
36.4353 -23.4223
38.9925 -12.9498
33.3458 -15.1045
